########################################
Testcase: testcases/email-Enron.txt
########################################

========== Flow Algo-1 ==========
Algorithm: 
Density: 37.344144
Number of nodes: 555
Nodes:
27
46
53
54
56
72
73
74
75
76
78
80
83
88
89
90
91
93
95
102
106
107
109
111
115
116
118
122
127
131
133
134
136
140
143
144
145
146
147
151
155
164
165
166
168
171
172
173
174
175
177
180
183
184
186
188
192
193
194
195
205
213
215
224
225
228
229
232
233
234
235
240
241
243
244
245
250
255
261
263
264
265
269
271
273
274
277
280
281
286
292
293
299
300
301
308
312
313
314
315
316
319
326
335
336
340
342
343
344
345
353
354
355
357
360
364
367
368
370
378
382
383
385
386
388
398
400
402
403
404
406
416
417
418
420
423
425
426
430
438
441
442
443
444
446
448
449
450
452
454
455
456
458
462
465
469
470
471
472
473
477
478
479
480
481
487
488
489
490
492
493
497
498
499
502
504
505
508
509
510
512
515
516
519
520
523
525
526
527
528
530
533
538
539
543
549
550
551
554
556
557
558
559
560
562
563
564
565
566
568
570
572
573
575
576
577
581
582
585
586
587
588
591
592
593
595
596
599
603
604
611
613
614
615
620
621
624
631
632
638
639
640
641
642
645
651
652
653
658
659
662
664
666
672
674
675
676
677
678
681
684
685
686
687
688
692
694
700
712
714
715
716
719
723
724
734
744
752
762
771
772
779
780
787
792
794
796
797
802
803
804
808
815
816
823
824
830
839
842
845
851
852
878
884
887
889
890
892
893
907
913
915
920
923
924
925
929
934
939
948
949
1026
1027
1028
1030
1031
1032
1036
1038
1040
1042
1043
1044
1045
1046
1048
1049
1050
1052
1055
1061
1068
1069
1070
1071
1072
1076
1077
1082
1083
1084
1087
1090
1094
1095
1101
1102
1103
1104
1110
1111
1114
1118
1121
1122
1127
1132
1137
1138
1139
1140
1143
1145
1146
1147
1152
1154
1159
1162
1163
1164
1165
1170
1174
1176
1179
1180
1185
1189
1190
1191
1193
1195
1198
1202
1208
1213
1216
1217
1222
1233
1234
1236
1244
1245
1252
1297
1304
1305
1306
1308
1310
1320
1330
1334
1340
1341
1350
1354
1367
1368
1371
1373
1387
1389
1395
1396
1424
1430
1438
1439
1443
1458
1461
1464
1471
1476
1478
1481
1507
1528
1552
1555
1558
1559
1566
1572
1586
1588
1628
1652
1653
1654
1657
1662
1667
1672
1686
1691
1697
1728
1737
1765
1767
1768
1771
1814
1815
1816
1821
1824
1835
1842
1871
1885
1935
1966
2045
2081
2091
2096
2165
2189
2215
2263
2276
2568
2570
2572
2573
2576
2577
2580
2601
2603
2610
2619
2640
2642
2650
2651
2654
2656
2669
2686
2723
2736
2740
2741
2743
2750
2777
2924
2935
2937
2939
2953
2975
2977
3016
3031
3075
3100
3108
3133
3143
3161
3215
3237
3915
3999
4027
4056
4063
4065
4180
4223
4293
4378
4513
4524
4534
4616
4676
4681
5167
5464
5695
5733
6026
6250
6565
6653
6654
7607

========== Flow Algo-4 ==========
Algorithm: 
Density: 0.000000
Number of nodes: 0
Nodes:

========== Greedy ==========
Algorithm: Greedy 
Density: 37.344144
Number of nodes: 555
Nodes:
27
46
53
54
56
72
73
74
75
76
78
80
83
88
89
90
91
93
95
102
106
107
109
111
115
116
118
122
127
131
133
134
136
140
143
144
145
146
147
151
155
164
165
166
168
171
172
173
174
175
177
180
183
184
186
188
192
193
194
195
205
213
215
224
225
228
229
232
233
234
235
240
241
243
244
245
250
255
261
263
264
265
269
271
273
274
277
280
281
286
292
293
299
300
301
308
312
313
314
315
316
319
326
335
336
340
342
343
344
345
353
354
355
357
360
364
367
368
370
378
382
383
385
386
388
398
400
402
403
404
406
416
417
418
420
423
425
426
430
438
441
442
443
444
446
448
449
450
452
454
455
456
458
462
465
469
470
471
472
473
477
478
479
480
481
487
488
489
490
492
493
497
498
499
502
504
505
508
509
510
512
515
516
519
520
523
525
526
527
528
530
533
538
539
543
549
550
551
554
556
557
558
559
560
562
563
564
565
566
568
570
572
573
575
576
577
581
582
585
586
587
588
591
592
593
595
596
599
603
604
611
613
614
615
620
621
624
631
632
638
639
640
641
642
645
651
652
653
658
659
662
664
666
672
674
675
676
677
678
681
684
685
686
687
688
692
694
700
712
714
715
716
719
723
724
734
744
752
762
771
772
779
780
787
792
794
796
797
802
803
804
808
815
816
823
824
830
839
842
845
851
852
878
884
887
889
890
892
893
907
913
915
920
923
924
925
929
934
939
948
949
1026
1027
1028
1030
1031
1032
1036
1038
1040
1042
1043
1044
1045
1046
1048
1049
1050
1052
1055
1061
1068
1069
1070
1071
1072
1076
1077
1082
1083
1084
1087
1090
1094
1095
1101
1102
1103
1104
1110
1111
1114
1118
1121
1122
1127
1132
1137
1138
1139
1140
1143
1145
1146
1147
1152
1154
1159
1162
1163
1164
1165
1170
1174
1176
1179
1180
1185
1189
1190
1191
1193
1195
1198
1202
1208
1213
1216
1217
1222
1233
1234
1236
1244
1245
1252
1297
1304
1305
1306
1308
1310
1320
1330
1334
1340
1341
1350
1354
1367
1368
1371
1373
1387
1389
1395
1396
1424
1430
1438
1439
1443
1458
1461
1464
1471
1476
1478
1481
1507
1528
1552
1555
1558
1559
1566
1572
1586
1588
1628
1652
1653
1654
1657
1662
1667
1672
1686
1691
1697
1728
1737
1765
1767
1768
1771
1814
1815
1816
1821
1824
1835
1842
1871
1885
1935
1966
2045
2081
2091
2096
2165
2189
2215
2263
2276
2568
2570
2572
2573
2576
2577
2580
2601
2603
2610
2619
2640
2642
2650
2651
2654
2656
2669
2686
2723
2736
2740
2741
2743
2750
2777
2924
2935
2937
2939
2953
2975
2977
3016
3031
3075
3100
3108
3133
3143
3161
3215
3237
3915
3999
4027
4056
4063
4065
4180
4223
4293
4378
4513
4524
4534
4616
4676
4681
5167
5464
5695
5733
6026
6250
6565
6653
6654
7607

========== Greedy++ ==========
Algorithm: CoreExact
Density: 33.039012
Number of nodes: 769
Nodes:
27
46
53
54
56
72
73
74
75
78
79
80
81
82
83
86
88
89
90
91
92
93
95
97
102
106
107
109
111
114
115
116
118
122
127
128
131
133
134
138
140
143
144
145
146
147
151
155
164
165
166
168
171
172
173
174
175
177
180
183
184
185
186
192
193
194
197
200
205
213
215
224
225
228
229
233
234
235
239
240
241
243
244
245
250
251
252
255
261
263
264
265
269
271
273
274
277
280
281
286
290
293
299
301
308
312
313
314
315
316
319
320
326
335
336
340
342
343
344
345
347
353
354
355
357
360
364
367
368
370
378
382
383
385
386
388
391
398
400
402
403
404
406
409
416
417
418
420
423
425
426
430
438
441
442
443
446
448
449
450
451
454
455
456
461
462
465
466
469
470
473
475
479
481
487
488
489
490
492
493
497
498
499
502
504
505
508
509
510
515
519
525
526
528
530
533
540
543
545
547
549
550
551
554
556
557
558
560
561
562
563
565
568
570
572
573
575
576
577
581
582
585
586
591
592
593
595
596
599
603
604
611
613
614
615
621
624
631
638
639
640
641
642
645
651
652
653
658
659
662
666
674
675
676
677
678
681
684
685
686
687
688
692
694
712
714
715
716
719
723
724
726
734
736
762
766
771
772
779
780
782
787
792
794
796
797
802
803
804
815
816
823
824
828
830
839
842
845
851
852
859
861
863
865
866
869
871
873
875
876
878
879
880
882
884
887
889
890
892
893
904
907
910
913
914
915
917
918
919
920
922
923
924
925
929
934
936
939
948
949
960
1026
1027
1028
1030
1031
1032
1036
1038
1040
1042
1043
1044
1045
1046
1048
1049
1050
1051
1052
1053
1055
1056
1057
1060
1061
1063
1068
1069
1070
1071
1072
1074
1075
1076
1077
1079
1080
1081
1082
1083
1084
1086
1087
1088
1090
1091
1093
1094
1095
1096
1097
1101
1102
1103
1104
1105
1108
1110
1111
1113
1114
1118
1120
1121
1122
1127
1132
1137
1138
1139
1140
1141
1143
1145
1146
1147
1148
1152
1154
1159
1161
1162
1163
1164
1165
1168
1170
1171
1174
1176
1179
1180
1185
1187
1188
1189
1190
1191
1193
1195
1198
1202
1208
1209
1210
1213
1216
1217
1222
1224
1228
1233
1234
1236
1242
1244
1245
1252
1253
1291
1297
1304
1305
1306
1307
1308
1310
1314
1315
1320
1321
1324
1330
1332
1333
1334
1337
1338
1340
1341
1350
1365
1367
1368
1371
1373
1387
1389
1392
1395
1396
1424
1428
1430
1438
1439
1443
1458
1461
1464
1470
1471
1478
1481
1504
1507
1528
1546
1552
1555
1558
1559
1560
1562
1566
1568
1572
1586
1588
1601
1602
1628
1652
1653
1654
1657
1662
1667
1672
1683
1686
1691
1708
1728
1736
1737
1760
1765
1767
1768
1771
1782
1788
1814
1815
1816
1817
1821
1824
1835
1836
1841
1842
1843
1853
1862
1871
1873
1883
1885
1899
1902
1907
1910
1913
1927
1933
1935
1939
1941
1951
1962
1966
2039
2045
2046
2049
2051
2052
2055
2056
2057
2075
2081
2082
2084
2091
2092
2096
2111
2160
2165
2189
2215
2228
2229
2234
2262
2263
2264
2272
2276
2288
2294
2323
2328
2398
2471
2477
2489
2528
2559
2568
2570
2572
2573
2576
2577
2580
2592
2601
2603
2608
2610
2612
2619
2640
2642
2648
2650
2651
2654
2656
2669
2686
2697
2706
2714
2717
2720
2723
2734
2736
2740
2741
2743
2750
2751
2752
2770
2773
2776
2777
2818
2857
2886
2910
2912
2916
2924
2929
2937
2939
2940
2953
2954
2955
2975
2977
2996
3016
3027
3028
3031
3032
3035
3036
3046
3049
3050
3054
3065
3075
3100
3108
3115
3128
3133
3143
3161
3174
3182
3214
3215
3230
3237
3240
3342
3899
3981
3999
4027
4056
4063
4065
4071
4092
4148
4152
4154
4156
4166
4167
4173
4174
4175
4180
4182
4183
4184
4187
4191
4193
4197
4213
4218
4223
4230
4239
4276
4293
4294
4305
4307
4340
4365
4373
4378
4397
4398
4513
4524
4534
4603
4622
4676
4681
4687
4704
4864
5053
5536
5614
5695
5696
5733
6026
6038
6297
6357
6565
6653
6654
7123
7515
7607
8694
9341

