########################################
Testcase: testcases/wiki-Vote.txt
########################################

========== Flow Algo-1 ==========
Algorithm: 
Density: 46.279042
Number of nodes: 835
Nodes:
6
11
15
20
24
35
36
47
56
68
71
72
86
87
109
122
127
136
166
172
173
204
214
259
271
285
290
306
308
310
311
312
313
317
319
346
371
407
417
425
432
457
465
546
556
579
600
608
633
634
663
695
697
704
707
710
722
737
742
749
762
763
764
765
766
769
784
788
789
805
813
825
826
854
856
865
871
879
896
904
908
922
937
941
946
947
959
971
974
978
988
993
996
1000
1006
1024
1026
1031
1034
1035
1037
1049
1055
1062
1074
1075
1097
1098
1111
1127
1133
1135
1137
1151
1157
1164
1166
1167
1184
1185
1186
1193
1200
1201
1210
1211
1215
1230
1236
1247
1253
1267
1279
1285
1286
1291
1297
1305
1307
1310
1319
1350
1352
1353
1357
1360
1374
1378
1384
1385
1395
1416
1419
1428
1453
1470
1471
1473
1482
1487
1489
1492
1496
1514
1521
1522
1537
1538
1542
1549
1552
1555
1564
1566
1571
1583
1585
1594
1596
1608
1614
1615
1621
1622
1633
1648
1661
1679
1680
1688
1697
1700
1701
1705
1706
1717
1729
1733
1734
1744
1749
1754
1767
1769
1772
1783
1792
1799
1808
1811
1814
1816
1820
1823
1835
1836
1842
1847
1855
1888
1893
1918
1919
1922
1956
1966
1972
1982
1985
1990
1991
1992
1997
2001
2016
2062
2066
2071
2072
2102
2109
2114
2117
2118
2120
2129
2133
2134
2135
2144
2145
2160
2174
2209
2210
2225
2229
2231
2236
2237
2240
2251
2252
2256
2257
2258
2264
2276
2285
2289
2290
2297
2299
2322
2323
2324
2326
2328
2354
2356
2364
2365
2369
2371
2375
2381
2384
2398
2410
2411
2433
2440
2456
2473
2474
2485
2504
2506
2507
2508
2510
2516
2517
2535
2542
2544
2547
2549
2550
2559
2560
2565
2576
2585
2592
2593
2594
2595
2605
2612
2617
2618
2619
2620
2623
2625
2643
2646
2651
2653
2654
2655
2657
2658
2660
2667
2674
2686
2688
2689
2693
2696
2697
2699
2700
2702
2707
2713
2727
2746
2747
2754
2760
2774
2775
2785
2787
2790
2794
2811
2819
2822
2830
2831
2842
2851
2856
2859
2871
2872
2877
2900
2909
2912
2923
2932
2940
2951
2958
2964
2967
2968
2972
2973
2981
3000
3002
3005
3007
3009
3010
3014
3015
3018
3020
3024
3026
3027
3028
3029
3030
3032
3033
3034
3056
3059
3073
3084
3089
3092
3103
3117
3125
3136
3140
3144
3148
3168
3180
3191
3192
3238
3253
3258
3260
3265
3274
3276
3291
3297
3307
3321
3334
3346
3350
3351
3352
3381
3393
3394
3402
3404
3408
3417
3439
3443
3447
3449
3451
3452
3453
3454
3455
3456
3457
3458
3459
3460
3461
3463
3473
3479
3480
3489
3498
3516
3519
3522
3529
3537
3541
3557
3562
3568
3580
3586
3587
3607
3614
3615
3624
3631
3634
3635
3641
3642
3643
3645
3650
3660
3661
3666
3680
3691
3724
3728
3748
3755
3786
3787
3792
3796
3800
3803
3806
3812
3813
3830
3835
3843
3854
3873
3892
3897
3898
3903
3910
3956
3958
3962
3965
3969
3970
3976
4011
4013
4021
4036
4037
4040
4041
4044
4045
4046
4055
4065
4070
4071
4072
4073
4076
4077
4099
4110
4124
4127
4138
4144
4151
4162
4179
4191
4201
4211
4212
4219
4247
4256
4261
4263
4266
4269
4276
4290
4297
4299
4310
4315
4335
4338
4353
4355
4361
4384
4400
4424
4437
4441
4448
4463
4483
4485
4488
4510
4530
4531
4534
4536
4547
4550
4574
4578
4587
4600
4632
4653
4661
4662
4666
4673
4687
4709
4712
4715
4717
4719
4735
4748
4764
4781
4792
4795
4797
4811
4824
4827
4828
4829
4846
4875
4899
4929
4948
4953
4964
4967
4980
4981
4983
4994
4999
5002
5020
5022
5028
5037
5055
5079
5092
5100
5103
5106
5110
5123
5130
5140
5155
5173
5176
5177
5178
5179
5182
5184
5185
5188
5189
5190
5199
5200
5210
5226
5233
5246
5254
5262
5263
5273
5288
5295
5301
5321
5335
5404
5412
5423
5430
5439
5445
5449
5452
5454
5457
5459
5479
5484
5524
5529
5531
5543
5545
5563
5582
5584
5596
5605
5612
5624
5637
5655
5683
5684
5697
5714
5739
5743
5760
5773
5775
5796
5798
5799
5800
5802
5804
5806
5811
5812
5814
5816
5817
5818
5819
5822
5824
5827
5828
5829
5839
5844
5857
5871
5872
5886
5897
5902
5932
5947
5963
5998
6004
6006
6032
6043
6097
6098
6123
6124
6151
6156
6218
6221
6229
6241
6243
6270
6272
6299
6305
6306
6323
6327
6330
6337
6347
6359
6414
6417
6437
6441
6443
6458
6481
6494
6496
6505
6523
6555
6560
6596
6615
6618
6619
6620
6624
6634
6665
6714
6715
6736
6770
6772
6774
6784
6790
6832
6833
6855
6869
6907
6913
6914
6918
6934
6946
6976
6979
6993
7021
7047
7052
7057
7063
7092
7115
7131
7225
7279
7280
7301
7378
7414
7478
7553
7587
7620
7632
7699
7809
7908
7961
8290
8293
8294
8295

========== Flow Algo-4 ==========
Algorithm: 
Density: 0.000000
Number of nodes: 0
Nodes:

========== Greedy ==========
Algorithm: Greedy 
Density: 46.275414
Number of nodes: 846
Nodes:
6
11
15
20
24
35
36
47
56
68
71
72
86
87
109
122
127
136
166
172
173
204
214
259
271
285
290
306
308
310
311
312
313
317
319
346
371
403
407
417
425
432
457
465
546
556
579
600
608
633
634
663
695
697
704
707
710
722
737
742
749
762
763
764
765
766
769
784
788
789
805
813
825
826
854
856
865
871
879
896
904
908
922
937
941
946
947
959
971
974
978
988
993
996
1000
1006
1024
1026
1031
1034
1035
1037
1049
1055
1062
1074
1075
1097
1098
1111
1127
1133
1135
1137
1151
1157
1164
1166
1167
1184
1185
1186
1193
1200
1201
1210
1211
1215
1230
1236
1247
1253
1267
1279
1285
1286
1291
1297
1305
1307
1310
1319
1350
1352
1353
1357
1360
1374
1378
1384
1385
1395
1416
1419
1428
1453
1470
1471
1473
1482
1487
1489
1492
1496
1514
1521
1522
1537
1538
1542
1549
1552
1555
1564
1566
1571
1583
1585
1594
1596
1608
1614
1615
1621
1622
1633
1648
1661
1679
1680
1688
1697
1700
1701
1705
1706
1717
1723
1729
1733
1734
1744
1749
1754
1767
1769
1772
1783
1792
1799
1808
1811
1814
1816
1820
1823
1835
1836
1842
1847
1855
1888
1893
1918
1919
1922
1956
1966
1972
1982
1985
1990
1991
1992
1997
2001
2003
2016
2062
2066
2071
2072
2102
2109
2114
2117
2118
2120
2129
2133
2134
2135
2144
2145
2160
2174
2209
2210
2225
2229
2231
2236
2237
2240
2251
2252
2256
2257
2258
2264
2276
2285
2289
2290
2297
2299
2322
2323
2324
2325
2326
2328
2354
2356
2364
2365
2369
2371
2375
2381
2384
2398
2410
2411
2416
2433
2440
2456
2473
2474
2485
2504
2506
2507
2508
2510
2516
2517
2535
2542
2544
2547
2549
2550
2559
2560
2565
2576
2585
2592
2593
2594
2595
2605
2612
2617
2618
2619
2620
2623
2625
2643
2646
2651
2653
2654
2655
2657
2658
2660
2667
2674
2686
2688
2689
2693
2696
2697
2699
2700
2702
2703
2704
2707
2713
2727
2746
2747
2754
2760
2774
2775
2785
2787
2790
2794
2811
2819
2822
2830
2831
2842
2851
2856
2859
2871
2872
2877
2900
2909
2912
2923
2932
2940
2951
2958
2964
2967
2968
2972
2973
2981
3000
3002
3005
3007
3009
3010
3014
3015
3018
3020
3024
3026
3027
3028
3029
3030
3032
3033
3034
3056
3059
3073
3084
3089
3092
3103
3117
3125
3136
3140
3144
3148
3168
3180
3191
3192
3238
3251
3253
3258
3260
3265
3274
3276
3291
3297
3307
3321
3334
3338
3346
3350
3351
3352
3381
3393
3394
3402
3404
3408
3417
3439
3443
3447
3449
3451
3452
3453
3454
3455
3456
3457
3458
3459
3460
3461
3463
3473
3479
3480
3489
3498
3516
3519
3522
3529
3537
3541
3557
3562
3568
3580
3586
3587
3607
3614
3615
3624
3631
3634
3635
3641
3642
3643
3645
3650
3660
3661
3666
3680
3691
3724
3728
3748
3755
3786
3787
3792
3796
3800
3803
3806
3812
3813
3830
3835
3843
3854
3873
3892
3897
3898
3903
3910
3926
3956
3958
3962
3965
3969
3970
3976
4011
4013
4021
4036
4037
4040
4041
4044
4045
4046
4055
4065
4070
4071
4072
4073
4076
4077
4099
4110
4124
4127
4138
4144
4151
4162
4179
4191
4201
4211
4212
4219
4247
4256
4261
4263
4266
4269
4276
4290
4297
4299
4310
4315
4335
4338
4353
4355
4361
4384
4400
4424
4437
4441
4448
4463
4483
4485
4488
4510
4530
4531
4534
4536
4547
4550
4574
4578
4587
4600
4632
4653
4661
4662
4666
4673
4687
4709
4712
4715
4717
4719
4735
4748
4764
4781
4792
4795
4797
4811
4824
4827
4828
4829
4846
4875
4899
4929
4948
4953
4964
4967
4980
4981
4983
4994
4999
5002
5020
5022
5028
5037
5055
5079
5092
5100
5103
5106
5110
5123
5130
5140
5155
5173
5176
5177
5178
5179
5182
5184
5185
5188
5189
5190
5199
5200
5210
5226
5233
5246
5254
5262
5263
5273
5288
5295
5301
5321
5335
5404
5412
5423
5430
5439
5445
5449
5452
5454
5457
5459
5479
5484
5524
5529
5531
5543
5545
5563
5582
5584
5596
5605
5612
5624
5637
5655
5683
5684
5693
5697
5714
5739
5743
5760
5773
5775
5796
5798
5799
5800
5802
5804
5806
5811
5812
5814
5816
5817
5818
5819
5822
5824
5827
5828
5829
5839
5844
5857
5871
5872
5886
5897
5902
5932
5947
5963
5998
6004
6006
6032
6043
6097
6098
6123
6124
6151
6156
6218
6221
6229
6241
6243
6270
6272
6299
6305
6306
6323
6327
6330
6337
6347
6359
6414
6417
6437
6441
6443
6458
6481
6494
6496
6505
6523
6555
6560
6596
6615
6618
6619
6620
6624
6634
6665
6714
6715
6736
6770
6772
6774
6784
6790
6832
6833
6855
6869
6907
6913
6914
6918
6934
6946
6976
6979
6993
7021
7047
7052
7057
7063
7092
7115
7131
7225
7279
7280
7301
7378
7414
7478
7553
7587
7620
7632
7699
7809
7908
7961
8290
8293
8294
8295

========== Greedy++ ==========
Algorithm: CoreExact
Density: 40.891244
Number of nodes: 1085
Nodes:
6
8
11
14
15
20
24
28
29
35
36
42
47
56
59
68
71
72
86
87
90
109
113
122
127
128
136
143
147
155
166
171
172
173
178
182
204
214
215
255
259
271
280
282
285
290
298
299
304
306
308
310
311
312
313
317
319
346
371
403
407
415
417
425
432
439
457
465
545
546
556
579
600
608
626
633
634
635
643
644
647
650
663
665
686
695
697
704
706
707
710
722
730
737
742
749
759
761
762
763
764
765
766
769
784
788
789
795
805
810
813
825
826
840
844
854
856
857
859
865
871
879
887
896
904
908
922
937
941
946
947
948
956
959
960
967
971
974
978
982
986
993
994
996
1000
1006
1024
1026
1029
1031
1032
1034
1035
1037
1049
1055
1062
1074
1075
1097
1098
1103
1111
1125
1127
1129
1132
1133
1135
1137
1151
1157
1159
1164
1165
1167
1184
1185
1186
1193
1199
1200
1201
1202
1204
1210
1211
1215
1221
1230
1234
1236
1239
1241
1247
1248
1253
1261
1267
1278
1279
1284
1285
1286
1291
1297
1305
1307
1310
1319
1322
1350
1352
1353
1357
1360
1374
1377
1378
1380
1384
1385
1390
1395
1403
1413
1416
1419
1428
1441
1453
1468
1470
1471
1473
1476
1482
1487
1489
1492
1496
1497
1501
1506
1514
1521
1522
1525
1534
1537
1538
1542
1547
1550
1552
1555
1564
1566
1571
1573
1583
1585
1592
1594
1596
1603
1608
1614
1615
1621
1622
1633
1646
1648
1661
1679
1680
1688
1691
1697
1700
1701
1705
1706
1707
1717
1718
1723
1729
1730
1733
1734
1744
1748
1749
1754
1756
1757
1758
1767
1769
1772
1774
1783
1787
1792
1799
1808
1811
1814
1816
1820
1823
1835
1836
1838
1842
1847
1855
1859
1888
1893
1915
1918
1919
1922
1956
1964
1966
1969
1972
1973
1977
1982
1985
1990
1991
1992
1997
2001
2003
2009
2016
2062
2065
2066
2071
2072
2073
2093
2102
2106
2109
2114
2117
2118
2120
2128
2129
2133
2134
2135
2144
2145
2151
2157
2160
2174
2186
2193
2209
2210
2225
2229
2231
2236
2240
2241
2246
2251
2252
2256
2257
2258
2264
2273
2276
2285
2289
2299
2322
2323
2324
2325
2326
2354
2356
2364
2365
2369
2371
2375
2381
2384
2387
2397
2398
2400
2410
2416
2433
2435
2440
2456
2470
2472
2473
2474
2504
2506
2507
2508
2511
2516
2517
2535
2542
2547
2549
2550
2557
2559
2560
2564
2576
2579
2585
2587
2592
2593
2594
2595
2605
2612
2617
2618
2619
2620
2623
2625
2643
2646
2655
2657
2658
2665
2667
2685
2686
2689
2696
2697
2699
2702
2703
2704
2707
2708
2727
2746
2754
2760
2763
2765
2768
2774
2775
2785
2787
2790
2794
2805
2811
2815
2819
2822
2828
2830
2831
2834
2838
2842
2851
2856
2859
2871
2872
2877
2900
2909
2912
2923
2925
2932
2940
2951
2955
2958
2963
2964
2967
2968
2972
2973
2981
2988
2999
3000
3002
3007
3009
3014
3015
3018
3020
3021
3027
3029
3030
3032
3033
3034
3056
3057
3059
3073
3084
3089
3092
3103
3106
3117
3125
3130
3136
3140
3144
3148
3168
3180
3191
3192
3238
3251
3253
3258
3260
3265
3274
3276
3284
3291
3297
3307
3309
3310
3321
3334
3338
3346
3350
3351
3366
3381
3390
3393
3394
3402
3404
3408
3417
3439
3443
3447
3449
3451
3452
3453
3454
3455
3456
3457
3458
3459
3460
3461
3462
3463
3473
3478
3479
3480
3489
3498
3516
3522
3537
3541
3557
3562
3568
3571
3580
3586
3587
3601
3607
3614
3615
3624
3631
3634
3635
3641
3642
3643
3645
3650
3660
3661
3666
3680
3682
3691
3720
3724
3728
3748
3752
3755
3786
3787
3792
3796
3803
3806
3812
3813
3830
3835
3842
3843
3854
3873
3885
3892
3897
3898
3903
3910
3919
3926
3946
3956
3958
3962
3965
3969
3970
3976
3995
4011
4013
4021
4036
4037
4040
4041
4043
4044
4045
4046
4055
4065
4070
4071
4072
4073
4076
4077
4098
4099
4103
4110
4124
4127
4138
4144
4151
4162
4175
4179
4191
4201
4211
4212
4219
4247
4256
4261
4266
4269
4276
4289
4290
4297
4310
4315
4335
4338
4353
4355
4361
4365
4384
4400
4422
4424
4437
4441
4448
4463
4483
4485
4488
4510
4527
4528
4530
4531
4534
4536
4547
4550
4574
4578
4587
4598
4600
4632
4653
4661
4662
4666
4673
4686
4687
4688
4706
4709
4712
4713
4715
4717
4719
4735
4748
4764
4781
4792
4795
4797
4798
4811
4813
4814
4820
4824
4827
4828
4829
4846
4875
4894
4899
4929
4938
4944
4948
4953
4962
4964
4967
4980
4981
4983
4994
4999
5002
5012
5020
5022
5026
5028
5037
5053
5055
5061
5072
5073
5079
5083
5092
5100
5102
5103
5106
5110
5121
5123
5130
5140
5148
5155
5166
5173
5176
5177
5178
5179
5180
5182
5184
5185
5188
5189
5190
5199
5200
5204
5210
5226
5233
5246
5254
5262
5263
5273
5288
5295
5301
5321
5335
5341
5392
5404
5412
5423
5430
5437
5439
5445
5449
5452
5454
5457
5459
5463
5465
5479
5482
5484
5487
5524
5527
5529
5531
5543
5545
5563
5582
5584
5596
5605
5612
5624
5630
5637
5651
5655
5680
5683
5684
5693
5696
5697
5714
5721
5737
5739
5743
5760
5773
5775
5776
5780
5796
5798
5799
5800
5802
5804
5806
5811
5812
5814
5816
5817
5818
5819
5822
5824
5827
5828
5829
5839
5844
5857
5863
5871
5872
5886
5891
5897
5902
5925
5928
5932
5936
5947
5963
5994
5998
6000
6004
6006
6032
6043
6044
6097
6098
6123
6124
6151
6156
6218
6221
6227
6229
6241
6243
6246
6270
6272
6299
6305
6306
6323
6327
6328
6330
6337
6347
6359
6388
6414
6417
6422
6437
6441
6443
6458
6481
6486
6494
6496
6498
6501
6505
6523
6552
6555
6560
6563
6566
6576
6596
6600
6613
6615
6618
6619
6620
6624
6634
6665
6714
6715
6736
6765
6770
6772
6774
6780
6784
6789
6790
6832
6833
6855
6860
6869
6906
6907
6913
6914
6918
6930
6934
6941
6946
6955
6976
6979
6980
6993
7012
7021
7047
7052
7054
7055
7057
7063
7080
7086
7092
7108
7115
7131
7168
7214
7225
7231
7277
7279
7280
7295
7301
7351
7378
7381
7386
7400
7414
7478
7510
7553
7587
7620
7632
7649
7651
7662
7699
7809
7839
7890
7908
7961
8290
8291
8293
8294
8295

